000040
000042
000051
000081
000089
000109
000110
000118
000271
000272
000275
000276
000277
000278
000294
000308
000317
000325
000327
000329
000330
000333
000349
000350
000351
000353
000355
000356
000357
000358
000359
000364
000365
000366
000367
000369
000370
000371
000372
000374
000376
000378
000379
000380
000381
000382
000384
000385
000386
000387
000389
000393
000395
000396
000397
000398
000399
000400
000401
000404
000406
000407
000408
000409
000411
000412
000413
000415
000417
000418
000419
000420
000421
000422
000423
000425
000426
000427
000428
000429
000431
000434
000436
000438
000439
000441
000442
000443
000444
000445
000446
000452
000454
000455
000458
000459
000460
000461
000462
000463
000464
000465
000466
000467
000469
000470
000471
000473
000474
000475
000476
000478
000479
000480
000481
000482
000483
000486
000487
000488
000489
000491
000493
000495
000498
000499
000500
000501
000503
000508
000509
000510
000511
000514
000518
000519
000520
000521
000522
000523
000526
000528
000529
000531
000532
000533
000535
000538
000540
000541
000542
000545
000546
000547
000548
000550
000551
000556
000558
000561
000562
000564
000565
000567
000569
000570
000571
000573
000574
000576
000577
000578
000579
000580
000582
000583
000584
000585
000587
000589
000592
000593
000594
000596
000597
000598
000599
000602
000605
000607
000608
000609
000614
000616
000617
000619
000620
000622
000623
000624
000625
000630
000631
000632
000634
000637
000638
000640
000642
000644
000645
000647
000648
000649
000650
000651
000657
000658
000659
000661
000662
000665
000670
000673
000680
000681
000683
000684
000685
000687
000690
000691
000694
000697
000700
000701
000703
000704
000705
000706
000707
000709
000710
000711
000712
000713
000714
000715
000716
000718
000719
000720
000722
000723
000724
000728
000729
000730
000734
000736
000737
000741
000742
000743
000746
000748
000749
000751
000754
000756
000760
000763
000766
000767
000768
000769
000773
000774
000776
000777
000779
000780
000781
000784
000786
000790
000791
000794
000798
000799
000800
000801
000802
000808
000811
000812
000813
000817
000818
000821
000822
000824
000825
000828
000829
000830
000832
000833
000834
000836
000837
000838
000839
000840
000842
000844
000845
000846
000847
000848
000849
000876
000879
000893
000896
000900
000903
000907
000908
000909
000910
000911
000912
000913
000915
000916
000918
000919
000922
000923
000926
000927
000930
000931
000933
000937
000938
000939
000947
000948
000949
000951
000954
000956
000957
000961
000962
000965
000966
000968
000969
000970
000972
000975
000976
000979
000980
000982
000983
000984
000985
000986
000987
000988
000989
000990
000992
000993
000995
000997
001001
001003
001004
001006
001008
001009
001010
001011
001014
001016
001023
001026
001027
001028
001029
001030
001033
001035
001036
001037
001038
001041
001043
001044
001047
001048
001049
001051
001052
001053
001055
001057
001058
001059
001060
001061
001063
001068
001069
001076
001078
001079
001080
001081
001082
001084
001088
001089
001091
001092
001093
001098
001099
001105
001108
001109
001110
001112
001113
001114
001116
001117
001120
001121
001123
001124
001125
001127
001128
001129
001130
001131
001132
001133
001134
001137
001138
001140
001141
001143
001144
001145
001146
001147
001148
001149
001151
001153
001154
001155
001156
001158
001159
001160
001161
001162
001164
001165
001166
001167
001168
001169
001173
001174
001175
001176
001177
001179
001180
001181
001182
001183
001185
001188
001189
001191
001192
001193
001194
001195
001196
001197
001198
001199
001200
001201
001204
001214
001215
001217
001218
001220
001222
001226
001227
001229
001230
001231
001233
001236
001238
001241
001242
001243
001245
001251
001252
001253
001254
001256
001257
001259
001260
001261
001262
001263
001264
001267
001271
001273
001276
001278
001280
001282
001283
001290
001291
001292
001293
001295
001297
001298
001299
001300
001301
001304
001305
001306
001307
001308
001309
001313
001315
001316
001318
001320
001322
001324
001327
001329
001330
001331
001334
001339
001341
001342
001343
001345
001346
001347
001348
001349
001350
001353
001354
001356
001357
001358
001360
001361
001362
001364
001365
001367
001368
001369
001370
001371
001372
001373
001376
001382
001383
001388
001389
001392
001393
001394
001397
001400
001401
001402
001405
001406
001407
001408
001409
001410
001411
001413
001414
001415
001417
001424
001425
001427
001429
001430
001432
001436
001438
001439
001441
001442
001445
001448
001449
001453
001454
001456
001459
001460
001462
001464
001465
001466
001470
001472
001473
001474
001478
001483
001485
001489
001492
001493
001494
001495
001496
001497
001503
001505
001506
001507
001509
001512
001514
001515
001517
001518
001520
001521
001522
001527
001528
001529
001530
001531
001533
001536
001540
001542
001543
001547
001548
001551
001554
001555
001560
001561
001562
001565
001566
001567
001568
001570
001571
001572
001574
001576
001577
001578
001582
001583
001586
001587
001588
001590
001591
001592
001593
001594
001598
001599
001602
001604
001608
001609
001611
001612
001613
001617
001618
001620
001621
001622
001623
001624
001625
001626
001627
001630
001631
001633
001634
001635
001636
001637
001638
001640
001643
001644
001645
001649
001650
001652
001653
001654
001655
001657
001658
001659
001660
001662
001663
001664
001666
001667
001670
001671
001674
001676
001677
001679
001681
001683
001684
001686
001687
001688
001689
001690
001692
001693
001694
001695
001696
001697
001698
001699
001704
001705
001707
001708
001710
001713
001714
001715
001717
001722
001723
001725
001726
001729
001734
001735
001736
001737
001738
001739
001740
001741
001744
001745
001747
001751
001753
001754
001755
001756
001757
001758
001759
001763
001765
001766
001767
001768
001771
001772
001774
001775
001776
001782
001785
001786
001787
001788
001789
001790
001791
001794
001796
001798
001799
001800
001801
001804
001806
001807
001808
001809
001810
001811
001813
001814
001815
001817
001819
001820
001821
001822
001823
001824
001825
001826
001828
001829
001831
001832
001833
001835
001836
001837
001839
001840
001841
001843
001845
001847
001848
001849
001853
001855
001861
001862
001864
001867
001873
001877
001878
001881
001882
001883
001884
001885
001886
001887
001888
001889
001891
001893
001894
001896
001901
001902
001904
001908
001911
001912
001913
001917
001918
001919
001921
001922
001924
001926
001928
001932
001934
001937
001939
001940
001941
001942
001943
001946
001948
001949
001951
001953
001958
001959
001960
001963
001965
001968
001970
001972
001974
001976
001977
001978
001979
001982
001983
001984
001985
001988
001989
001991
001992
001993
001994
001996
001998
003000
003001
003002
003003
003005
003006
003007
003008
003010
003011
003013
003017
003018
003019
003021
003022
003025
003026
003031
003034
003035
003036
003037
003038
003039
003040
003044
003045
003050
003052
003053
003054
003055
003056
003057
003058
003059
003061
003063
003066
003067
003068
003069
003072
003073
003076
003077
003078
003079
003081
003082
003083
003085
003086
003087
003088
003090
003091
003092
003093
003096
003099
003100
003101
003103
003105
003109
003110
003111
003112
003114
003117
003118
003120
003127
003128
003129
003130
003131
003134
003136
003137
003138
003139
003140
003145
003149
003151
003154
003156
003157
003158
003160
003161
003162
003163
003166
003168
003170
003172
003177
003179
003180
003183
003184
003187
003191
003195
003196
003197
003199
003202
003204
003206
003212
003213
003215
003221
003224
003225
003226
003229
003231
003232
003233
003234
003235
003236
003237
003238
003239
003241
003242
003243
003244
003245
003247
003249
003250
003251
003254
003255
003256
003257
003258
003259
003260
003262
003263
003266
003267
003269
003270
003271
003273
003274
003275
003277
003279
003282
003284
003287
003288
003289
003290
003292
003293
003294
003296
003297
003299
003300
003302
003304
003305
003306
003307
003309
003310
003311
003313
003314
003315
003317
003319
003320
003323
003324
003326
003327
003330
003331
003332
003336
003337
003338
003339
003341
003344
003345
003348
003350
003351
003353
003362
003364
003365
003367
003368
003369
003370
003372
003374
003377
003378
003379
003380
003382
003384
003385
003386
003388
003389
003390
003391
003392
003393
003394
003395
003399
003401
003405
003406
003417
003427
003434
003435
003439
003440
003443
003444
003445
003449
003455
003459
003471
003472
003474
003475
003477
003484
003487
003494
003496
003499
003500
003501
003504
003508
003514
003523
003524
003525
003527
003534
003537
003542
003544
003546
003555
003569
003570
003571
003582
003584
003587
003589
003593
003597
003598
003600
003609
003620
003623
003624
003628
003630
003632
003644
003655
003656
003661
003664
003665
003672
003677
003684
003685
003689
003690
003695
003725
003726
003733
003734
003738
003746
003754
003758
003759
003760
003762
003764
003766
003767
003776
003778
003782
003789
003790
003792
003794
003800
003801
003806
003817
003818
003820
003823
003827
003840
003841
003843
003846
003847
003852
003854
003857
003859
003861
003863
003864
003865
003872
003878
003894
003899
003903
003909
003918
003922
003923
003927
003933
003937
003947
003948
003950
003958
003960
003962
003963
003964
003965
003970
003974
003981
003985
003987
003991
003993
003995
003997
003998
004000
004002
004005
004006
004009
004010
004011
004012
004014
004018
004019
004020
004023
004024
004028
004029
004032
004033
004034
004037
004038
004039
004040
004042
004044
004045
004046
004047
004048
004049
004050
004053
004056
004059
004062
004065
004066
004068
004069
004071
004073
004075
004078
004079
004080
004081
004082
004083
004084
004085
004087
004089
004091
004092
004093
004094
004096
004097
004099
004100
004103
004106
004107
004108
004111
004113
004114
004116
004117
004119
004120
004121
004122
004123
004125
004128
004129
004130
004133
004134
004136
004138
004139
004140
004142
004143
004144
004145
004146
004147
004148
004149
004151
004153
004154
004155
004156
004158
004159
004161
004162
004167
004172
004173
004176
004401
004402
004403
004406
004407
004408
004409
004411
004412
004413
004414
004416
004417
004418
004419
004423
004424
004425
004428
004429
004430
004433
004434
004439
004440
004442
004447
004448
004450
004453
004454
004456
004457
004459
004460
004461
004463
004465
004466
004467
004469
004471
004472
004473
004476
004477
004479
004480
004483
004484
004487
004488
004492
004493
004496
004500
004501
004503
004504
004505
004506
004507
004508
004510
004511
004513
004517
004519
004522
004523
004525
004526
004527
004528
004530
004531
004532
004533
004534
004535
004536
004537
004538
004541
004543
004545
004547
004549
004551
004552
004554
004556
004557
004558
004560
004562
004565
004566
004567
004568
004569
004572
004574
004576
004578
004579
004583
004584
004585
004586
004588
004590
004592
004593
004597
004598
004602
004605
004606
004607
004608
004609
004610
004614
004615
004617
004618
004619
004620
004621
004623
004624
004625
004627
004628
004629
004630
004631
004632
004633
004634
004635
004636
004639
004641
004643
004644
004647
004650
004651
004652
004654
004655
004656
004657
004659
004660
004664
004666
004669
004670
004671
004672
004673
004674
004675
004676
004677
004679
004682
004685
004687
004688
004690
004692
004693
004695
004696
004697
004701
004702
004703
004704
004711
004716
004718
004719
004724
004727
004728
004729
004731
004732
004737
004741
004744
004745
004747
004749
004750
004751
004752
004755
004759
004761
004763
004765
004767
004768
004769
004770
004771
004774
004775
004776
004777
004778
004780
004781
004784
004790
004791
004793
004795
004797
004798
004799
004800
004801
004802
004803
004805
004806
004807
004808
004810
004815
004816
004817
004818
004819
004821
004823
004824
004825
004826
004827
004828
004829
004832
004833
004835
004836
004837
004838
004839
004840
004842
004843
004844
004845
004849
004853
004856
004858
004859
004861
004862
004863
004867
004868
004869
004870
004872
004874
004875
004877
004878
004880
004881
004885
004886
004889
004890
004891
004892
004898
004900
004901
004902
004903
004904
004905
004906
004908
004910
004911
004912
004915
004916
004917
004918
004920
004923
004928
004929
004930
004932
004933
004934
004935
004936
004937
004938
004939
004940
004941
004948
004950
004952
004954
004957
004958
004960
004965
004967
004968
004969
004972
004973
004974
004975
004976
004979
004980
004983
004984
004985
004986
004987
004989
004991
004994
004995
004996
004998
004999
005000
005003
005006
005010
005011
005012
005013
005014
005015
005017
005019
005024
005025
005026
005027
005028
005035
005038
005046
005047
005049
005054
005055
005056
005057
005058
005060
005062
005064
005065
005066
005067
005068
005069
005070
005071
005072
005075
005077
005078
005080
005082
005085
005087
005089
005090
005091
005092
005094
005095
005098
005101
005102
005103
005105
005106
005107
005108
005110
005112
005117
005119
005120
005121
005122
005124
005125
005126
005127
005128
005132
005133
005136
005137
005141
005144
005146
005147
005148
005149
005151
005153
005154
005155
005158
005159
005160
005164
005165
005166
005167
005169
005171
005173
005174
005175
005178
005179
005181
005182
005183
005185
005186
005187
005188
005189
005190
005192
005193
005194
005195
005196
005200
005201
005202
005205
005206
005207
005209
005210
005212
005213
005214
005215
005216
005217
005218
005220
005223
005228
005230
005232
005234
005235
005236
005238
005239
005240
005241
005242
005244
005245
005246
005248
005249
005251
005252
005253
005254
005255
005256
005257
005259
005260
005262
005263
005266
005267
005269
005271
005274
005276
005277
005278
005279
005280
005281
005282
005283
005285
005286
005287
005288
005290
005291
005292
005295
005297
005298
005299
005300
005302
005303
005304
005305
005307
005308
005309
005315
005316
005318
005319
005320
005321
005322
005323
005325
005328
005330
005331
005332
005333
005334
005337
005338
005339
005342
005343
005346
005347
005351
005352
005353
005355
005356
005358
005359
005360
005361
005362
005363
005364
005365
005369
005371
005373
005378
005380
005381
005383
005384
005389
005390
005391
005395
005396
005398
005399
005401
005402
005403
005405
005406
005408
005409
005411
005412
005413
005414
005416
005418
005419
005421
005422
005423
005426
005427
005428
005431
005433
005435
005436
005439
005440
005443
005447
005449
005450
005451
005452
005454
005455
005456
005457
005460
005461
005463
005465
005467
005468
005469
005470
005471
005472
005473
005475
005477
005478
005480
005482
005483
005486
005487
005492
005493
005494
005495
005497
005498
005501
005503
005505
005506
005508
005510
005511
005517
005519
005520
005521
005522
005524
005525
005526
005527
005529
005530
005531
005533
005534
005535
005536
005540
005541
005542
005544
005545
005546
005547
005551
005552
005553
005554
005555
005559
005560
005561
005562
005563
005566
005567
005572
005575
005577
005578
005579
005581
005585
005587
005590
005591
005593
005595
005597
005599
005601
005602
005603
005605
005607
005609
005610
005611
005612
005613
005615
005617
005621
005622
005625
005628
005629
005630
005633
005635
005639
005640
005642
005648
005651
005652
005658
005661
005663
005665
005667
005672
005673
005674
005677
005680
005681
005683
005684
005686
005688
005689
005690
005692
005694
005695
005696
005697
005703
005704
005706
005707
005708
005709
005710
005712
005714
005715
005719
005720
005721
005722
005726
005727
005731
005733
005734
005735
005737
005738
005741
005742
005744
005745
005746
005747
005750
005751
005752
005758
005763
005765
005768
005771
005772
005773
005777
005783
005785
005786
005787
005789
005791
005792
005795
005796
005798
005799
005800
005801
005802
005804
005805
005806
005807
005808
005809
005810
005811
005812
005813
005816
005817
005818
005819
005821
005823
005824
005825
005827
005828
005830
005836
005837
005838
005839
005840
005843
005844
005845
005846
005848
005850
005851
005853
005858
005859
005861
005864
005867
005869
005872
005873
005874
005875
005877
005878
005880
005881
005883
005884
005885
005886
005887
005888
005889
005891
005892
005897
005899
005901
005903
005904
005908
005912
005913
005916
005917
005920
005921
005922
005924
005928
005930
005932
005939
005941
005948
005953
005954
005957
005959
005961
005962
005965
005968
005972
005973
005976
005979
005980
005981
005983
005987
005989
005990
005991
005992
005993
005995
005997
005998
006001
006003
006004
006005
006006
006009
006011
006013
006014
006018
006024
006025
006026
006028
006029
006030
006031
006032
006034
006035
006039
006041
006042
006043
006044
006046
006047
006048
006050
006051
006052
006053
006054
006055
006058
006060
006061
006066
006068
006069
006071
006072
006075
006077
006078
006080
006081
006082
006083
006084
006086
006088
006090
006091
006094
006095
006096
006097
006098
006099
006102
006103
006104
006106
006107
006108
006109
006110
006111
006113
006115
006116
006118
006119
006120
006121
006122
006126
006128
006131
006132
006133
006134
006135
006138
006140
006141
006142
006145
006147
006148
006149
006150
006151
006152
006153
006154
006155
006156
006157
006159
006163
006164
006166
006167
006171
006172
006173
006174
006175
006176
006177
006178
006180
006182
006184
006185
006187
006189
006192
006196
006200
006201
006202
006203
006206
006207
006208
006212
006214
006215
006218
006219
006222
006223
006224
006225
006226
006227
006229
006231
006232
006233
006235
006237
006238
006240
006241
006242
006243
006244
006246
006247
006248
006250
006251
006252
006253
006257
006258
006260
006262
006264
006265
006268
006269
006270
006271
006272
006273
006275
006277
006278
006281
006283
006285
006286
006292
006293
006295
006296
006298
006299
006300
006301
006303
006304
006305
006308
006311
006314
006316
006317
006318
006320
006321
006322
006323
006325
006327
006328
006331
006332
006333
006334
006335
006337
006338
006340
006342
006343
006344
006347
006349
006350
006351
006352
006354
006355
006356
006359
006360
006361
006362
006367
006368
006369
006371
006373
006374
006376
006377
006379
006381
006382
006383
006385
006386
006387
006388
006390
006392
006394
006395
006398
006399
006400
006402
006403
006404
006405
006406
006411
006412
006413
006414
006415
006419
006420
006421
006423
006424
006429
006430
006431
006432
006433
006436
006437
006439
006440
006441
006442
006443
006444
006445
006446
006448
006449
006450
006452
006453
006454
006455
006456
006458
006459
006460
006461
006462
006463
006464
006466
006471
006478
006479
006480
006482
006483
006484
006489
006490
006491
006494
006495
006498
006500
006501
006505
006506
006507
006513
006514
006516
006517
006518
006521
006522
006523
006525
006528
006535
006539
006545
006547
006548
006552
006555
006557
006559
006560
006561
006563
006565
006567
006568
006569
006572
006575
006580
006582
006583
006586
006587
006590
006591
006593
006595
006596
006597
006598
006599
006601
006607
006608
006609
006612
006614
006616
006620
006621
006622
006623
006624
006629
006632
006636
006637
006638
006640
006642
006643
006644
006646
006649
006653
006654
006655
006656
006657
006660
006661
006664
006666
006668
006670
006671
006672
006673
006674
006679
006680
006681
006682
006686
006695
006696
006800
006801
006802
006804
006806
006807
006808
006809
006810
006812
006815
006817
006818
006819
006820
006822
006823
006825
006827
006828
006829
006830
006832
006833
006834
006836
006837
006839
006840
006841
006842
006845
006846
006847
006848
006849
006850
006851
006852
006853
006854
006855
006858
006859
006860
006861
006863
006864
006865
006867
006868
006869
006870
006871
006873
006874
006875
006877
006878
006879
006880
006885
006886
006887
006888
006889
006890
006893
006894
006897
006898
006900
006901
006902
006903
006904
006905
006906
006908
006909
006910
006911
006913
006914
006915
006916
006918
006920
006922
006925
006927
006928
006929
006930
006932
006934
006935
006937
006938
006939
006940
006941
006942
006945
006947
006948
006949
006953
006954
006955
006958
006959
006960
006961
006962
006964
006965
006966
006967
006970
006971
006973
006974
006975
006980
006983
006984
006987
006988
006989
006990
006991
006993
006996
006998
006999
007001
007002
007003
007006
007007
007008
007010
007011
007013
007015
007017
007018
007019
007020
007022
007026
007029
007032
007034
007035
007038
007039
007041
007043
007045
007046
007047
007050
007051
007052
007058
007067
007070
007071
007072
007076
007077
007083
007084
007086
007087
007088
007092
007093
007094
007096
007097
007098
007099
007100
007104
007106
007108
007111
007113
007114
007115
007116
007118
007119
007121
007123
007124
007125
007126
007127
007129
007130
007132
007134
007135
007138
007139
007140
007141
007142
007144
007146
007147
007148
007149
007150
007152
007154
007158
007162
007163
007165
007166
007168
007169
007171
007174
007178
007183
007184
007185
007187
007189
007190
007192
007193
007195
007197
007198
007199
007203
007205
007210
007211
007216
007217
007218
007219
007220
007221
007225
007229
007230
007231
007232
007233
007234
007237
007239
007240
007243
007246
007250
007251
007252
007255
007256
007257
007259
007260
007262
007270
007271
007274
007275
007276
007277
007278
007279
007282
007283
007284
007286
007287
007288
007290
007294
007295
007297
007298
007301
007304
007305
007307
007308
007310
007316
007319
007320
007323
007324
007325
007326
007331
007332
007337
007340
007341
007342
007343
007344
007346
007347
007349
007354
007356
007357
007359
007360
007361
007368
007369
007371
007378
007379
007381
007385
007387
007389
007390
007392
007394
007395
007398
007399
007405
007406
007407
007408
007409
007412
007414
007415
007417
007419
007421
007422
007427
007430
007432
007433
007434
007435
007436
007439
007441
007442
007443
007445
007447
007449
007450
007452
007456
007457
007459
007461
007468
007473
007477
007484
007485
007486
007487
007489
007494
007495
007496
007497
007502
007503
007505
007508
007509
007512
007513
007514
007515
007516
007522
007524
007525
007527
007529
007532
007534
007535
007540
007542
007543
007545
007547
007548
007549
007550
007551
007552
007553
007563
007565
007569
007570
007571
007572
007573
007575
007580
007581
007583
007584
007586
007589
007591
007592
007593
007594
007595
007600
007602
007603
007605
007606
007607
007608
007613
007614
007618
007619
007620
007622
007628
007629
007630
007633
007637
007639
007640
007641
007643
007644
007645
007647
007650
007652
007653
007654
007657
007658
007662
007666
007668
007669
007673
007674
007675
007676
007680
007681
007682
007686
007687
007692
007699
007757
007786
007801
007802
007809
007811
007813
007814
007815
007817
007824
007825
007828
007830
007831
007834
007835
007836
007837
007839
007840
007841
007844
007845
007850
007852
007855
007861
007863
007867
007875
007878
007879
007880
007883
007886
007887
007892
007893
007895
007904
007905
007915
007918
007919
007920
007921
007926
007929
007934
007936
007942
007944
007945
007946
007953
007959
007967
007969
007970
007981
007984
007986
007989
007990
007994
007996
008000
008002
008005
008006
008007
008010
008011
008014
008016
008017
008018
008020
008021
008023
008025
008027
008029
008030
008031
008033
008034
008036
008041
008044
008046
008047
008049
008052
008054
008055
008056
008057
008058
008059
008061
008062
008065
008067
008068
008070
008072
008075
008076
008077
008080
008081
008082
008084
008087
008088
008090
008091
008092
008093
008094
008097
008099
008101
008102
008103
008104
008106
008107
008112
008118
008121
008123
008124
008125
008126
008128
008129
008131
008132
008134
008139
008142
008147
008149
008150
008152
008153
008154
008155
008157
008159
008160
008164
008165
008167
008170
008172
008173
008174
008178
008181
008183
008184
008185
008188
008189
008192
008193
008195
008196
008197
008198
008203
008206
008209
008210
008213
008215
008216
008218
008219
008227
008228
008230
008234
008240
008241
008242
008245
008246
008250
008251
008252
008502
008503
008504
008506
008508
008510
008511
008512
008513
008514
008521
008522
008525
008526
008528
008529
008533
008534
008537
008538
008539
008540
008547
008549
008550
008551
008552
008554
008555
008558
008561
008564
008565
008567
008569
008572
008573
008575
008576
008578
008579
008585
008588
008589
008596
008597
008599
008601
008606
008609
008613
008616
008626
008636
008640
008643
008647
008652
008654
008655
008656
008659
008661
008662
008666
008670
008678
008679
008680
008681
008684
008689
008692
008702
008704
008707
008716
008728
008736
008753
008754
008756
008758
008759
008760
008765
008767
008769
008773
008778
008789
008793
008795
008802
008806
008814
008824
008826
008827
008834
008835
008836
008839
008841
008843
008846
008855
008857
008859
008863
008865
008866
008867
008879
008880
008883
008888
008889
008890
008896
008901
008902
008903
008904
008906
008907
008909
008911
008912
008914
008915
008917
008918
008920
008923
008925
008928
008930
008931
008935
008936
008937
008942
008943
008944
008949
008953
008954
008957
008958
008961
008963
008970
008972
008974
008975
008976
008981
008985
008986
008990
008991
008993
008995
008996
008997
008998
008999
009001
009003
009004
009008
009010
009013
009020
009023
009024
009025
009027
009033
009034
009035
009036
009038
009043
009048
009049
009052
009053
009054
009056
009060
009063
009065
009067
009071
009073
009077
009078
009079
009080
009081
009082
009083
009092
009094
009095
009098
009099
009101
009102
009105
009110
009111
009113
009114
009119
009120
009122
009124
009126
009127
009128
009130
009131
009133
009135
009136
009139
009144
009150
009152
009153
009155
009156
009158
009159
009161
009162
009163
009164
009165
009166
009174
009176
009177
009179
009180
009181
009184
009185
009186
009190
009193
009194
009195
009196
009197
009200
009203
009204
009205
009210
009211
009212
009214
009215
009219
009223
009225
009227
009238
009239
009242
009243
009244
009245
009246
009247
009251
009252
009253
009254
009256
009260
009262
009263
009265
009267
009269
009272
009274
009275
009276
009279
009284
009287
009290
009291
009292
009293
009297
009298
009300
009307
009309
009310
009314
009316
009317
009318
009320
009322
009323
009325
009326
009330
009331
009332
009334
009336
009337
009339
009342
009343
009345
009348
009349
009350
009354
009355
009357
009358
009360
009362
009363
009367
009372
009373
009374
009376
009380
009381
009382
009383
009388
009389
009390
009393
009396
009400
009404
009405
009406
009407
009408
009409
009411
009413
009415
009416
009420
009421
009423
009425
009426
009427
009428
009430
009431
009435
009438
009439
009442
009444
009449
009451
009452
009453
009454
009455
009464
009465
009468
009469
009473
009475
009476
009477
009479
009480
009484
009485
009486
009488
009493
009494
009503
009504
009505
009506
009507
009508
009509
009511
009512
009514
009516
009518
009519
009520
009521
009527
009529
009531
009532
009534
009535
009537
009538
009540
009541
009542
009548
009549
009550
009551
009553
009555
009558
009559
009561
009562
009563
009567
009571
009575
009579
009580
009581
009583
009587
009588
009589
009590
009591
009594
009599
009600
009603
009607
009611
009612
009614
009621
009622
009625
009626
009627
009633
009635
009636
009637
009638
009640
009641
009642
009644
009648
009651
009660
009661
009663
009665
009666
009673
009675
009676
009679
009689
009690
009694
009695
009699
009700
009701
009711
009717
009719
009722
009727
009730
009735
009742
009744
009745
009752
009753
009754
009755
009756
009758
009760
009761
009764
009766
009768
009770
009772
009776
009778
009779
009783
009784
009788
009791
009792
009794
009799
009800
009801
009804
009809
009811
009812
009814
009823
009824
009825
009830
009838
009839
009841
009845
009846
009847
009852
009854
009858
009860
009861
009865
009868
009870
009871
009872
009876
009880
009881
009886
009889
009894
009895
009898
009901
009905
009910
009911
009912
009914
009916
009918
009919
009920
009923
009925
009926
009927
009930
009931
009932
009934
009936
009941
009944
009945
009946
009951
009953
009961
009963
009965
009966
009968
009970
009973
009976
009980
009982
009983
009985
009986
009988
009989
009990
009994
009996
010001
010002
010008
010014
010019
010025
010026
010029
010037
010038
010039
010046
010048
010050
010051
010056
010058
010059
010066
010067
010070
010074
010078
010083
010087
010088
010097
010101
010103
010107
010114
010117
010125
010127
010131
010138
010143
010145
010148
010151
010152
010153
010158
010162
010164
010174
010177
010184
010189
010190
010199
010205
010216
010223
010225
010226
010228
010230
010234
010238
010242
010251
010252
010254
010259
010262
010263
010265
010270
010272
010278
010279
010281
010288
010294
010301
010302
010307
010308
010311
010313
010315
010316
010317
010318
010319
010320
010321
010322
010326
010327
010328
010332
010337
010348
010349
010354
010366
010367
010372
010389
010392
010397
010401
010403
010407
010410
010413
010414
010417
010420
010421
010423
010424
010425
010432
010434
010437
010440
010456
010458
010463
010464
010467
010468
010470
010471
010473
010476
010477
010480
010483
010484
010486
010489
010495
010503
010508
010511
010512
010513
010515
010520
010521
010528
010530
010531
010534
010535
010538
010541
010542
010544
010549
010550
010551
010554
010555
010556
010560
010562
010564
010568
010569
010571
010573
010579
010581
010582
010584
010585
010586
010587
010588
010591
010594
010595
010598
010599
010607
010609
010611
010616
010623
010628
010630
010634
010635
010636
010639
010642
010647
010651
010655
010657
010658
010659
010665
010668
010671
010675
010676
010683
010684
010685
010690
010694
010695
010697
010700
010703
010704
010705
010706
010708
010722
010723
010724
010727
010728
010730
010732
010736
010739
010740
010745
010747
010752
010753
010757
010763
010765
010766
010767
010769
010770
010771
010777
010786
010787
010792
010794
010795
010801
010803
010804
010808
010814
010815
010818
010831
010835
010844
010846
010849
010850
010855
010860
010861
010863
010864
010868
010871
010874
010875
010879
010884
010885
010886
010887
010890
010896
010898
010899
010902
010905
010906
010911
010912
010914
010915
010918
010919
010920
010922
010925
010926
010928
010929
010931
010933
010935
010938
010940
010941
010945
010948
010949
010951
010952
010953
010954
010957
010959
010962
010963
010964
010967
010970
010971
010972
010974
010975
010977
010980
010981
010983
010984
010989
010992
010993
010996
010997
011000
011002
011005
011008
011009
011012
011014
011017
011020
011027
011029
011030
011035
011044
011045
011047
011050
011051
011056
011058
011059
011060
011068
011071
011073
011075
011078
011079
011080
011081
011083
011085
011086
011088
011091
011095
011099
011110
011114
011115
011120
011121
011124
011126
011129
011130
011133
011134
011135
011137
011139
011141
011144
011145
011150
011153
011154
011157
011163
011164
011165
011169
011170
011174
011180
011183
011184
011187
011188
011189
011191
011193
011195
011196
011197
011199
011200
011201
011202
011203
011205
011206
011207
011208
011209
011210
011212
011213
011214
011216
011217
011220
011221
011222
011223
011224
011226
011229
011232
011234
011236
011237
011239
011241
011242
011243
011244
011246
011247
011248
011251
011252
011253
011255
011256
011257
011258
011259
011265
011266
011270
011271
011272
011274
011275
011276
011278
011279
011281
011284
011285
011289
011292
011294
011300
011303
011304
011308
011310
011311
011313
011315
011316
011317
011320
011321
011323
011325
011328
011329
011330
011331
011332
011335
011336
011337
011339
011340
011341
011342
011343
011344
011345
011347
011348
011349
011352
011353
011354
011355
011358
011359
011360
011362
011364
011365
011366
011367
011369
011370
011374
011376
011377
011379
011380
011381
011382
011385
011386
011388
011392
011393
011394
011397
011399
011401
011404
011406
011407
011409
011413
011414
011416
011417
011418
011421
011429
011602
011603
011610
011616
011617
011619
011621
011622
011624
011628
011631
011632
011634
011640
011641
011642
011644
011648
011649
011651
011652
011653
011654
011656
011663
011664
011666
011667
011669
011670
011673
011674
011675
011676
011677
011678
011679
011681
011682
011685
011687
011688
011696
011697
011698
011699
011755
011758
011759
011765
011767
011773
011777
011781
011786
011801
011803
011804
011805
011807
011808
011809
011811
011812
011813
011814
011815
011818
011819
011820
011823
011824
011825
011828
011829
011830
011832
011833
011835
011836
011838
011839
011840
011841
011842
011843
011844
011847
011848
011852
011856
011859
011861
011862
011868
011870
011874
011875
011877
011878
011879
011884
011885
011886
011888
011889
011894
011896
011897
011899
011901
011903
011907
011909
011910
011911
011914
011921
011926
011928
011930
011931
011933
011935
011937
011939
011940
011942
011944
011946
011947
011949
011950
011952
011953
011955
011956
011959
011960
011961
011963
011964
011966
011967
011969
011972
011973
011975
011976
011979
011982
011983
011988
011989
011990
011994
011996
011997
012000
012002
012003
012007
012008
012009
012010
012013
012014
012019
012023
012024
012026
012028
012029
012030
012033
012035
012044
012045
012050
012052
012054
012055
012056
012057
012060
012061
012063
012064
012065
012066
012067
012068
012070
012072
012073
012074
012077
012078
012080
012082
012083
012084
012086
012089
012092
012093
012094
012095
012099
012101
012103
012105
012109
012110
012112
012114
012116
012119
012120
012123
012127
012129
012130
012131
012132
012137
012142
012151
012158
012159
012162
012163
012165
012173
012174
012176
012177
012178
012180
012184
012185
012187
012188
012189
012190
012191
012193
012194
012199
012200
012203
012205
012211
012215
012216
012220
012222
012223
012224
012225
012231
012233
012236
012237
012239
012246
012247
012251
012252
012258
012259
012261
012265
012270
012272
012273
012274
012275
012277
012282
012286
012289
012292
012300
012305
012306
012309
012310
012313
012314
012316
012334
012335
012337
012346
012351
012357
012362
012366
012368
012373
012374
012379
012383
012386
012387
012391
012392
012402
012408
012421
012424
012429
012433
012436
012437
012443
012445
012446
012456
012459
012461
012466
012467
012469
012472
012474
012475
012485
012487
012488
012489
012496
012498
012499
012501
012504
012507
012509
012511
012513
012515
012518
012520
012522
012525
012527
012528
012530
012533
012539
012540
012541
012546
012547
012548
012550
012556
012559
012561
012562
012566
012568
012573
012579
012581
012582
012588
012590
012595
012598
012599
012600
012603
012607
012608
012611
012612
012613
012614
012615
012616
012618
012619
012621
012622
012626
012631
012632
012633
012635
012649
012651
012653
012655
012664
012665
012666
012667
012672
012685
012686
012689
012690
012692
012693
012698
012699
012701
012704
012705
012707
012708
012709
012710
012712
012716
012717
012718
012719
012720
012722
012723
012724
012725
012728
012729
012735
012736
012738
012740
012742
012744
012746
012747
012748
012750
012751
012755
012756
012757
012763
012765
012766
012767
012770
012771
012772
012775
012776
012778
012779
012783
012785
012786
012787
012788
012789
012790
012791
012793
012795
012797
012799
012801
012802
012803
012806
012807
012808
012812
012813
012815
012816
012822
012824
012825
012826
012830
012832
012833
012835
012836
012845
012849
012851
012852
012853
012855
012856
012857
012859
012861
012862
012864
012865
012867
012868
012869
012870
012871
012872
012874
012875
012876
012879
012880
012881
012884
012886
012887
012888
012889
012890
012891
012892
012893
012894
012895
012896
012897
012900
012903
012904
012905
012906
012907
012909
012910
012911
012912
012914
012915
012916
012918
012921
012922
012923
012924
012927
012928
012931
012932
012935
012936
012938
012939
012940
012941
012942
012944
012947
012949
012951
012952
012954
012957
012962
012963
012968
012972
012979
012981
012984
012985
012986
012990
012991
012993
012995
013002
013007
013009
013010
013011
013012
013013
013016
013018
013019
013023
013025
013026
013029
013031
013034
013035
013037
013044
013045
013047
013049
013053
013054
013056
013059
013065
013069
013070
013072
013074
013075
013079
013081
013082
013084
013086
013087
013088
013090
013092
013096
013102
013106
013107
013108
013110
013113
013115
013119
013120
013122
013123
013124
013126
013136
013137
013138
013139
013140
013143
013148
013149
013150
013154
013155
013156
013157
013158
013163
013164
013165
013166
013167
013172
013174
013176
013177
013178
013180
013181
013183
013188
013190
013192
013194
013195
013196
013197
013199
013200
013201
013203
013204
013205
013207
013210
013211
013213
013214
013216
013217
013222
013223
013224
013225
013226
013228
013230
013236
013238
013241
013242
013243
013244
013249
013251
013254
013257
013259
013260
013263
013264
013265
013266
013267
013268
013270
013271
013272
013273
013274
013278
013281
013283
013284
013286
013291
013292
013305
013307
013308
013309
013310
013313
013316
013322
013324
013327
013328
013329
013331
013332
013333
013334
013339
013341
013342
013343
013344
013349
013351
013355
013358
013361
013363
013364
013365
013366
013368
013369
013372
013373
013375
013376
013377
013381
013382
013385
013394
013397
013401
013404
013405
013407
013409
013412
013414
013420
013421
013435
013439
013447
013453
013458
013478
013481
013484
013490
013500
013513
013514
013528
013532
013539
013556
013563
013600
013609
013612
013617
013619
013630
013632
013634
013647
013649
013659
013665
013666
013675
013676
013677
013683
013685
013687
013693
013701
013707
013709
013710
013720
013722
013726
013728
013731
013733
013739
013754
013760
013764
013765
013781
013782
013797
013798
013800
013801
013803
013805
013806
013808
013810
013814
013815
013819
013820
013823
013825
013826
013827
013829
013830
013831
013832
013837
013838
013839
013840
013841
013842
013848
013852
013857
013858
013861
013862
013870
013874
013876
013878
013879
013882
013883
013891
013895
013897
013898
013900
013901
013902
013903
013906
013909
013913
013914
013919
013920
013921
013923
013925
013931
013935
013939
013943
013946
013947
013951
013952
013956
013964
013967
013969
013971
013972
013984
013986
013989
013990
013993
013994
013996
013999
014001
014003
014004
014005
014007
014008
014010
014012
014013
014014
014016
014017
014018
014020
014021
014022
014023
014025
014026
014027
014030
014031
014032
014033
014034
014036
014038
014039
014040
014043
014044
014045
014047
014048
014049
014051
014052
014053
014054
014057
014059
014060
014062
014063
014065
014066
014067
014069
014070
014072
014073
014074
014075
014076
014080
014082
014083
014084
014085
014087
014090
014091
014092
014094
014096
014097
014098
014099
014101
014102
014103
014107
014110
014111
014112
014113
014114
014115
014116
014117
014118
014120
014121
014123
014124
014125
014128
014130
014132
014133
014135
014136
014139
014143
014144
014145
014146
014148
014149
014150
014151
014154
014156
014157
014160
014161
014162
014164
014165
014167
014168
014169
014173
014175
014177
014179
014180
014182
014183
014186
014189
014190
014194
014198
014201
014202
014203
014206
014208
014211
014215
014216
014218
014219
014221
014222
014223
014226
014227
014229
014230
014231
014232
014233
014234
014235
014237
014238
014240
014242
014246
014251
014253
014255
014258
014261
014263
014265
014266
014267
014268
014269
014271
014273
014274
014275
014276
014277
014286
014287
014289
014290
014293
014294
014298
014299
014300
014301
014302
014303
014304
014306
014314
014315
014316
014317
014318
014322
014325
014327
014330
014332
014333
014336
014338
014339
014341
014342
014344
014345
014346
014348
014350
014353
014354
014355
014356
014357
014359
014360
014362
014364
014365
014366
014367
014369
014371
014373
014374
014375
014376
014377
014378
014380
014385
014386
014387
014389
014393
014394
014395
014396
014398
014401
014403
014405
014406
014408
014409
014414
014415
014416
014417
014421
014422
014425
014426
014427
014428
014429
014431
014432
014434
014438
014440
014442
014443
014444
014446
014448
014452
014456
014457
014459
014461
014463
014464
014468
014469
014470
014472
014474
014478
014481
014482
014485
014486
014487
014488
014489
014493
014494
014496
014497
014500
014501
014503
014507
014508
014509
014510
014512
014513
014514
014515
014516
014517
014518
014520
014526
014527
014528
014530
014534
014535
014537
014539
014540
014541
014542
014544
014545
014546
014547
014550
014551
014552
014553
014554
014555
014556
014559
014562
014564
014567
014568
014569
014570
014571
014572
014574
014576
014579
014580
014581
014584
014586
014587
014590
014595
014598
014604
014610
014612
014613
014616
014618
014624
014625
014634
014641
014642
014644
014648
014649
014654
014662
014664
014668
014670
014671
014677
014679
014697
014701
014703
014707
014708
014713
014714
014716
014726
014732
014733
014735
014738
014745
014747
014751
014752
014753
014758
014759
014764
014768
014769
014774
014779
014780
014781
014786
014791
014805
014808
014813
014820
014821
014841
014857
014860
014861
014863
014869
014871
014882
014887
014888
014889
014891
014892
014894
014899
014900
014901
014902
014906
014908
014909
014910
014911
014913
014914
014916
014917
014919
014921
014923
014924
014927
014928
014930
014939
014940
014942
014944
014950
014952
014953
014955
014957
014959
014960
014961
014962
014964
014967
014970
014976
014977
014978
014980
014982
014983
014985
014986
014990
014991
014996
014999
015000
015001
015002
015003
015005
015006
015007
015008
015011
015013
015014
015015
015016
015018
015020
015022
015024
015031
015032
015035
015036
015038
015039
015043
015044
015045
015047
015048
015049
015055
015056
015057
015060
015061
015062
015063
015064
015066
015067
015068
015070
015072
015074
015075
015076
015077
015078
015079
015080
015081
015084
015086
015088
015089
015090
015091
015092
015093
015094
015095
015097
015098
015099
015102
015105
015106
015108
015109
015110
015111
015112
015113
015116
015118
015120
015122
015126
015128
015129
015131
015132
015133
015136
015137
015138
015139
015141
015142
015143
015144
015145
015146
015148
015149
015150
015151
015152
015155
015156
015157
015158
015161
015162
015163
015164
015169
015170
015171
015173
015175
015176
015178
015179
015180
015181
015182
015183
015184
015190
015192
015193
015194
015200
015201
015203
015205
015206
015209
015210
015212
015215
015217
015218
015219
015220
015222
015224
015225
015227
015228
015229
015230
015231
015232
015233
015235
015236
015237
015238
015239
015240
015241
015242
015243
015244
015245
015246
015247
015248
015249
015250
015254
015255
015259
015262
015264
015265
015266
015268
015270
015271
015273
015277
015278
015279
015281
015285
015287
015290
015294
015297
015298
015299
015300
015301
015303
015304
015305
015306
015307
015308
015309
015311
015313
015314
015318
015319
015320
015321
015324
015325
015327
015329
015330
015336
015337
015338
015339
015340
015341
015342
015344
015345
015346
015347
015348
015349
015350
015351
015354
015356
015357
015359
015360
015361
015362
015364
015366
015367
015368
015371
015374
015378
015379
015381
015382
015385
015386
015387
015391
015392
015394
015396
015399
015400
015401
015402
015404
015407
015409
015413
015417
015419
015420
015422
015424
015425
015429
015433
015434
015436
015438
015443
015444
015445
015448
015451
015453
015456
015457
015461
015464
015467
015468
015474
015480
015485
015491
015494
015495
015498
015499
015500
015502
015503
015504
015506
015509
015511
015516
015521
015522
015524
015527
015529
015534
015536
015541
015544
015545
015549
015554
015555
015556
015564
015574
015578
015580
015583
015590
015594
015601
015602
015605
015610
015611
015615
015619
015620
015621
015623
015627
015628
015629
015631
015636
015639
015641
015642
015643
015645
015646
015647
015648
015649
015650
015652
015657
015658
015660
015661
015662
015664
015666
015668
015669
015670
015671
015673
015675
015678
015679
015681
015684
015687
015690
015692
015693
015696
015698
015701
015705
015706
015707
015712
015713
015714
015715
015717
015718
015719
015720
015723
015724
015729
015730
015731
015733
015734
015735
015736
015737
015738
015739
015742
015743
015745
015746
015748
015750
015754
015755
015756
015757
015760
015762
015764
015765
015768
015769
015770
015771
015772
015773
015774
015775
015780
015785
015787
015788
015789
015795
015796
015798
015799
015800
015801
015803
015807
015808
015809
015810
015814
015817
015818
015819
015820
015821
015822
015824
015825
015828
015830
015831
015832
015833
015834
015835
015837
015838
015839
015840
015842
015844
015845
015846
015847
015848
015850
015853
015854
015855
015856
015857
015858
015860
015862
015863
015865
015866
015867
015868
015869
015870
015871
015872
015873
015874
015877
015878
015880
015883
015886
015887
015888
015889
015890
015892
015893
015894
015895
015896
015902
015903
015905
015906
015908
015909
015911
015914
015915
015917
015921
015923
015924
015926
015928
015929
015930
015931
015932
015933
015934
015935
015936
015937
015940
015944
015946
015947
015948
015949
015950
015952
015953
015954
015956
015957
015961
015963
015964
015968
015969
015971
015976
015978
015979
015980
015984
015986
015987
015988
015990
015991
015992
015995
015996
015998
016000
016001
016002
016003
016004
016008
016010
016011
016012
016016
016017
016019
016020
016021
016024
016029
016030
016031
016032
016033
016035
016036
016037
016038
016039
016040
016041
016044
016047
016049
016051
016052
016053
016054
016055
016056
016057
016059
016061
016062
016064
016066
016070
016071
016072
016073
016074
016075
016077
016078
016080
016083
016084
016085
016086
016087
016090
016091
016092
016093
016098
016100
016101
016102
016103
016104
016107
016108
016110
016112
016113
016114
016117
016120
016123
016125
016127
016128
016130
016131
016133
016136
016139
016142
016145
016147
016148
016153
016154
016155
016160
016161
016162
016166
016170
016171
016177
016183
016184
016190
016196
016198
016201
016202
016203
016204
016209
016211
016215
016216
016217
016218
016220
016222
016223
016224
016225
016228
016232
016233
016234
016235
016236
016238
016239
016241
016242
016243
016249
016252
016255
016256
016262
016271
016272
016280
016281
016283
016288
016289
016292
016298
016304
016306
016313
016315
016317
016318
016319
016324
016325
016327
016328
016330
016333
016334
016335
016338
016340
016342
016346
016347
016357
016361
016365
016367
016368
016369
016373
016377
016378
016379
016384
016387
016390
016397
016400
016404
016411
016415
016418
016419
016424
016441
016455
016462
016463
016469
016471
016476
016477
016481
016482
016485
016488
016498
016502
016503
016505
016507
016512
016515
016516
016521
016523
016525
016526
016532
016533
016538
016540
016541
016546
016547
016553
016554
016562
016572
016580
016583
016584
016586
016597
016598
016599
016605
016608
016610
016611
016613
016615
016616
016618
016621
016625
016627
016629
016637
016638
016642
016643
016644
016648
016652
016661
016669
016670
016672
016676
016679
016682
016684
016688
016697
016698
016705
016707
016708
016711
016713
016716
016721
016728
016732
016735
016740
016741
016742
016743
016744
016747
016748
016749
016752
016757
016759
016770
016772
016776
016785
016786
016789
016793
016796
016797
016798
016800
016801
016806
016809
016812
016816
016822
016825
016829
016833
016835
016837
016840
016841
016843
016846
016847
016857
016858
016862
016864
016865
016866
016871
016873
016874
016877
016878
016883
016885
016886
016887
016888
016893
016895
016897
016901
016903
016913
016916
016919
016922
016923
016924
016926
016928
016929
016933
016934
016935
016939
016942
016946
016948
016950
016953
016959
016960
016961
016962
016963
016964
016965
016967
016968
016970
016972
016974
016975
016977
016978
016979
016980
016982
016984
016985
016986
016989
016991
016996
016997
016998
016999
017001
017004
017005
017006
017007
017008
017011
017013
017014
017016
017017
017021
017024
017025
017026
017027
017028
017029
017030
017034
017035
017036
017039
017040
017042
017046
017048
017053
017057
017058
017061
017062
017063
017065
017068
017075
017076
017078
017079
017080
017081
017086
017092
017094
017095
017096
017097
017099
017100
017102
017103
017107
017108
017110
017119
017120
017122
017124
017129
017130
017135
017137
017138
017139
017140
017141
017148
017151
017152
017153
017155
017156
017162
017164
017165
017169
017170
017173
017174
017177
017178
017179
017180
017183
017184
017188
017191
017192
017194
017199
017203
017204
017205
017208
017210
017212
017214
017215
017216
017218
017221
017222
017225
017231
017234
017235
017236
017238
017241
017249
017251
017252
017254
017255
017256
017258
017261
017262
017263
017264
017266
017267
017268
017269
017270
017276
017281
017282
017283
017286
017287
017288
017290
017296
017300
017301
017302
017303
017306
017309
017311
017318
017325
017327
017330
017332
017333
017334
017335
017337
017340
017347
017348
017353
017355
017356
017360
017365
017366
017368
017369
017370
017371
017373
017374
017377
017379
017380
017382
017384
017385
017386
017388
017389
017390
017394
017395
017396
017401
017404
017407
017411
017414
017417
017418
017419
017421
017424
017425
017440
017444
017445
017446
017464
017474
017478
017480
017490
017492
017497
017507
017516
017517
017521
017523
017525
017527
017539
017542
017543
017545
017561
017580
017584
017593
017596
017597
017608
017616
017617
017628
017631
017632
017651
017659
017661
017662
017665
017667
017672
017675
017693
017696
017703
017706
017707
017710
017713
017719
017720
017723
017724
017725
017729
017732
017733
017735
017739
017741
017744
017753
017768
017779
017782
017786
017787
017788
017789
017795
017799
017800
017801
017802
017806
017811
017812
017814
017829
017830
017833
017838
017841
017858
017860
017861
017865
017870
017874
017876
017884
017890
017894
017904
017916
017917
017918
017949
017965
017967
017969
017971
017979
017981
017995
017996
018000
018001
018002
018005
018013
018015
018017
018019
018021
018024
018025
018026
018027
018028
018030
018031
018034
018035
018036
018038
018039
018040
018041
018045
018048
018054
018061
018097
018103
018106
018108
018117
018132
018139
018154
018159
018163
018165
018170
018173
018177
018188
018202
018205
018209
018211
018214
018216
018219
018239
018240
018242
018247
018277
018292
018301
018302
018324
018329
018331
018341
018342
018346
018355
018359
018364
018366
018376
018379
018382
018383
018386
018388
018389
018392
018395
018400
018401
018403
018408
018409
018413
018414
018423
018425
018426
018427
018431
018432
018434
018435
018436
018437
018438
018439
018442
018443
018444
018445
018446
018447
018450
018455
018458
018459
018461
018463
018465
018466
018471
018474
018476
018478
018480
018488
018489
018492
018494
018496
018497
018499
018502
018503
018504
018506
018514
018515
018517
018519
018522
018535
018539
018544
018545
018548
018549
018550
018552
018569
018570
018571
018573
018574
018575
018578
018579
018581
018582
018589
018590
018591
018593
018594
018597
018598
018599
018603
018605
018612
018614
018616
018618
018622
018625
018627
018634
018640
018641
018643
018649
018651
018658
018659
018660
018663
018668
018669
018672
018673
018678
018679
018680
018684
018685
018686
018688
018690
018691
018692
018694
018696
018701
018702
018705
018708
018711
018720
018721
018723
018724
018728
018729
018731
018736
018737
018741
018802
018804
018812
018817
018823
018825
018827
018828
018832
018833
018834
018836
018838
018845
018848
018850
018851
018852
018855
018858
018859
018860
018862
018863
018868
018874
018876
018877
018878
018879
018880
018882
018884
018886
018887
018888
018894
018896
018898
018899
018901
018903
018904
018907
018908
018912
018913
018916
018917
018922
018923
018924
018925
018927
018934
018935
018936
018938
018939
018945
018947
018953
018955
018957
018958
018959
018960
018964
018968
018970
018974
018975
018976
018977
018978
018979
018980
018981
018982
018983
018987
018988
018990
018997
019000
019001
019005
019006
019007
019008
019010
019012
019013
019014
019016
019018
019019
019021
019022
019023
019025
019026
019030
019031
019032
019033
019034
019036
019037
019040
019042
019043
019044
019045
019050
019052
019053
019056
019057
019058
019059
019063
019064
019066
019067
019070
019072
019076
019077
019078
019079
019082
019083
019085
019089
019090
019092
019093
019094
019095
019096
019102
019103
019104
019105
019106
019107
019108
019111
019113
019114
019115
019116
019118
019121
019122
019124
019133
019137
019139
019140
019141
019142
019143
019144
019146
019148
019150
019151
019152
019154
019155
019156
019157
019160
019161
019163
019166
019167
019169
019170
019171
019172
019175
019178
019179
019180
019181
019183
019185
019187
019188
019189
019190
019192
019193
019195
019199
019201
019202
019203
019205
019206
019208
019210
019211
019212
019214
019215
019217
019218
019219
019223
019224
019225
019227
019231
019232
019233
019234
019235
019236
019238
019239
019240
019242
019247
019248
019249
019250
019251
019254
019255
019257
019259
019263
019267
019268
019269
019273
019274
019276
019277
019278
019279
019280
019281
019282
019285
019287
019288
019289
019290
019291
019292
019294
019296
019297
019300
019302
019307
019309
019310
019311
019312
019314
019315
019317
019319
019320
019321
019324
019326
019327
019328
019329
019331
019333
019334
019336
019337
019338
019339
019341
019343
019347
019349
019350
019352
019353
019357
019358
019360
019361
019362
019366
019367
019368
019372
019375
019376
019378
019388
019391
019393
019394
019396
019398
019400
019402
019405
019407
019413
019415
019416
019417
019419
019422
019424
019431
019433
019438
019439
019441
019443
019444
019447
019450
019451
019457
019459
019462
019465
019466
019467
019468
019470
019471
019472
019478
019479
019480
019484
019488
019494
019495
019503
019506
019508
019512
019519
019520
019522
019524
019525
019526
019527
019529
019533
019534
019536
019537
019538
019539
019540
019541
019544
019547
019549
019553
019554
019555
019556
019559
019561
019567
019568
019569
019570
019571
019578
019579
019580
019585
019586
019587
019591
019593
019594
019597
019598
019601
019603
019606
019607
019611
019615
019616
019619
019622
019625
019627
019629
019630
019635
019636
019637
019639
019641
019642
019643
019645
019646
019648
019649
019650
019652
019654
019655
019656
019658
019659
019661
019665
019666
019667
019674
019676
019677
019679
019680
019682
019683
019684
019685
019687
019688
019689
019691
019695
019696
019697
019698
019699
019701
019702
019703
019706
019713
019716
019717
019719
019721
019724
019725
019726
019727
019730
019731
019740
019749
019750
019751
019753
019760
019761
019764
019772
019774
019777
019787
019788
019791
019794
019798
019799
019800
019801
019802
019803
019804
019806
019808
019809
019810
019811
019813
019814
019815
019817
019822
019824
019827
019832
019836
019838
019839
019841
019850
019852
019854
019856
019857
019860
019862
019864
019867
019869
019872
019874
019876
019879
019880
019882
019885
019892
019894
019895
019897
019902
019905
019909
019913
019916
019917
019919
019925
019930
019932
019936
019937
019945
019948
019955
019962
019963
019965
019966
019967
019970
019972
019973
019974
019976
019977
019978
019979
019980
019985
019990
019999
020003
020012
020013
020020
020025
020028
020029
020030
020031
020033
020035
020037
020038
020046
020055
020056
020060
020063
020068
020069
020070
020074
020080
020081
020085
020087
020100
020105
020106
020107
020109
020118
020123
020125
020133
020136
020137
020142
020151
020160
020164
020172
020177
020185
020196
020202
020206
020226
020237
020252
020256
020259
020266
020271
020276
020279
020285
020298
020305
020309
020310
020314
020316
020319
020321
020322
020325
020328
020329
020330
020333
020335
020344
020345
020346
020347
020348
020352
020354
020357
020359
020362
020364
020365
020368
020369
020371
020372
020376
020379
020381
020382
020383
020387
020388
020391
020392
020398
020399
020400
020403
020406
020407
020408
020409
020413
020414
020415
020419
020421
020424
020425
020427
020429
020431
020432
020433
020434
020436
020438
020441
020442
020443
020447
020448
020449
020453
020458
020465
020470
020473
020474
020475
020484
020487
020489
020492
020493
020496
020502
020508
020510
020511
020512
020514
020515
020516
020519
020521
020522
020524
020528
020529
020530
020532
020533
020535
020538
020539
020542
020544
020545
020547
020548
020549
